    0.0588    0.4965
    0.1549    0.5175
    0.2578    0.5297
    0.1808    0.4161
    0.1800    0.3694
    0.1303    0.6207
    0.1354    0.4725
    0.1397    0.6768
   -0.1299    0.3845
    0.1893    0.4257
    0.2490    0.6777
    0.0202    0.6760
   -0.0022    0.3714
    0.2121    0.5258
   -0.0008    0.6676
   -0.0179    0.6666
    0.2289    0.3394
    0.0846    0.7023
    0.2745    0.5827
    0.0208    0.5284
    0.0886    0.4718
    0.1742    0.3793
    0.2049    0.5119
    0.1968    0.4679
    0.1691    0.7888
    0.1270    0.5238
    0.0921    0.4783
    0.1980    0.4982
    0.1113    0.4234
    0.1922    0.7590
    0.2588    0.5796
   -0.0749    0.5094
    0.3304    0.6404
    0.0868    0.4959
    0.2816    0.4878
    0.3052    0.4304
    0.0031    0.4231
    0.1677    0.7006
    0.4966    0.5961
    0.1285    0.5109
    0.1986    0.7130
    0.1831    0.5030
    0.2768    0.5363
    0.2591    0.3225
    0.0554    0.5594
    0.1062    0.3191
    0.1843    0.3765
    0.1442    0.6187
    0.4035    0.5439
    0.1939    0.3910
    0.1938    0.4502
    0.0662    0.5321
    0.0192    0.5275
    0.2294    0.2861
    0.1303    0.3493
    0.2149    0.2784
    0.0669    0.4909
    0.2396    0.2849
   -0.0313    0.5877
    0.3067    0.3743
    0.2347    0.3617
    0.1610    0.7238
    0.0339    0.7703
    0.1102    0.3976
    0.1754    0.4954
    0.2708    0.7454
    0.0466    0.4325
    0.2795    0.7147
    0.4268    0.6025
    0.1005    0.5069
    0.1969    0.4559
    0.0843    0.7116
   -0.0217    0.5889
    0.2971    0.4209
    0.2194    0.5491
    0.0989    0.3903
    0.1613    0.5186
    0.1270    0.6915
    0.0038    0.5665
   -0.1382    0.4050
    0.1453    0.5435
    0.1038    0.4128
    0.0923    0.7524
    0.0654    0.2758
   -0.0317    0.4176
    0.0978    0.5964
    0.1661    0.3975
    0.0438    0.5022
    0.1950    0.5818
    0.1227    0.6572
    0.1399    0.3841
    0.0071    0.4788
    0.0736    0.4410
    0.1910    0.4857
    0.0710    0.5462
    0.1662    0.4227
    0.3478    0.6000
    0.2295    0.5533
    0.2537    0.4410
    0.3860    0.5345
    0.2675    0.6230
    0.1898    0.6241
    0.3451    0.5835
    0.0595    0.4919
    0.0818    0.4225
    0.3518    0.5280
    0.1954    0.4417
    0.1458    0.4585
    0.1958    0.6156
    0.1236    0.6809
    0.1208    0.5745
    0.1113    0.7567
    0.0946    0.3088
    0.0556    0.5028
    0.1440    0.5119
    0.0925    0.7018
    0.2942    0.5627
    0.1736    0.4595
    0.2521    0.5693
    0.1360    0.5803
    0.1418    0.5228
    0.2758    0.2466
    0.2969    0.6279
    0.1533    0.0636
    0.3192    0.5137
    0.1976    0.3061
    0.1869    0.4556
    0.3692    0.6748
    0.3036    0.4358
    0.2407    0.7396
    0.1902    0.5973
    0.0962    0.4692
    0.1385    0.3871
    0.3322    0.4380
   -0.0522    0.5468
    0.0863    0.2037
    0.1311    0.5769
    0.1648    0.5349
   -0.0284    0.6024
    0.2029    0.7559
    0.2230    0.4595
    0.0560    0.3774
    0.1241    0.6475
    0.0286    0.6118
    0.3125    0.4821
    0.1874    0.4258
    0.1249    0.5311
    0.0575    0.3588
    0.1599    0.5083
    0.3184    0.4203
    0.1775    0.3976
    0.1853    0.6210
    0.0300    0.5038
    0.1666    0.6689
    0.2276    0.3642
    0.0119    0.5300
    0.2628    0.3692
    0.3965    0.5773
   -0.0058    0.6631
   -0.0567    0.6279
    0.1427    0.2356
    0.2259    0.5852
    0.1418    0.5011
    0.1342    0.5418
    0.1506    0.4316
    0.0435    0.2936
   -0.0144    0.6116
    0.3082    0.4366
    0.1793    0.4588
    0.0312    0.5210
    0.2576    0.8171
    0.0203    0.7867
    0.1378    0.3352
    0.2241    0.4407
    0.0659    0.6234
    0.1151    0.2409
    0.1530    0.6555
    0.3452    0.4606
    0.1959    0.6749
    0.1101    0.3900
    0.1275    0.3847
    0.1220    0.7893
    0.2807    0.5735
    0.1216    0.4613
    0.0708    0.3709
    0.1741    0.6379
    0.1405    0.5428
    0.2293    0.2170
    0.2459    0.3871
    0.2587    0.8713
    0.2147    0.4985
    0.2133    0.2501
    0.3403    0.3890
    0.0340    0.4475
    0.1153    0.5868
   -0.0195    0.4797
    0.2419    0.5127
    0.1522    0.4978
    0.1201    0.3800
   -0.0221    0.6466
    0.1683    0.4543
    0.1240    0.4421
    0.0145    0.5244
    0.0343    0.4916
    0.0738    0.4348
    0.1250    0.5159
   -0.0149    0.7641
    0.1318    0.5677
    0.2116    0.4181
    0.1123    0.3913
    0.0802    0.4701
    0.1804    0.3030
    0.2601    0.7282
    0.1053    0.5255
    0.1033    0.3546
    0.0064    0.5151
    0.0522    0.3196
    0.2106    0.5728
    0.1386    0.4773
    0.2265    0.5053
    0.2170    0.5452
    0.1876    0.6067
    0.2267    0.3988
    0.3023    0.3166
    0.2077    0.4870
    0.1926    0.3971
    0.1457    0.5531
    0.0258    0.2682
    0.0995    0.6073
    0.1826    0.5383
    0.0389    0.3611
    0.1968    0.4603
    0.1823    0.6047
    0.1600    0.8033
    0.1801    0.4561
    0.1524    0.6727
    0.1478    0.3924
    0.1491    0.5259
    0.2429    0.4741
    0.1410    0.5425
   -0.1141    0.4377
    0.1014    0.3223
    0.1696    0.4662
    0.2460    0.5550
    0.2880    0.4367
    0.0559    0.4770
    0.2261    0.5502
    0.1738    0.5674
    0.1292    0.4083
    0.1525    0.4665
