    0.4653    0.3578
    0.4248    0.0812
    0.2989    0.2767
    0.5161    0.1862
    0.3538    0.2275
    0.3476    0.2024
    0.2932    0.3718
    0.3918    0.3431
    0.3923    0.2916
    0.3758    0.3028
    0.3370    0.2844
    0.2755    0.3013
    0.6259    0.2688
    0.5126    0.2366
    0.3731    0.2881
    0.3914    0.2268
    0.4269    0.2204
    0.3991    0.2298
    0.3572    0.2434
    0.4701    0.2506
    0.3146    0.4399
    0.5468    0.1583
    0.2678    0.1696
    0.3757    0.2685
    0.4654    0.2462
    0.4088    0.1952
    0.2873    0.2745
    0.4691    0.3065
    0.4122    0.1635
    0.3389    0.2194
    0.4303    0.1534
    0.4567    0.2563
    0.5638    0.2623
    0.3930    0.3012
    0.3779    0.1685
    0.3621    0.2723
    0.2555    0.2393
    0.4391    0.3544
    0.2459    0.2730
    0.3798    0.2097
    0.3794    0.2328
    0.4634    0.2098
    0.1922    0.3579
    0.4689    0.2117
    0.3611    0.1295
    0.3030    0.2349
    0.3993    0.3358
    0.4175    0.2997
    0.3682    0.2623
    0.2898    0.3839
    0.4905    0.2059
    0.4148    0.2694
    0.3470    0.1846
    0.4912    0.1909
    0.4275    0.2242
    0.3049    0.2986
    0.4466    0.4041
    0.2653    0.3099
    0.3207    0.1697
    0.4114    0.2346
    0.4308    0.2084
    0.4053    0.2280
    0.2550    0.3385
    0.4614    0.2783
    0.4946    0.3244
    0.4876    0.2953
    0.3572    0.1905
    0.3705    0.3198
    0.3237    0.1487
    0.4188    0.3100
    0.4189    0.2950
    0.3421    0.3325
    0.4690    0.1435
    0.4639    0.2347
    0.4493    0.2513
    0.3435    0.2575
    0.2996    0.3157
    0.4489    0.3026
    0.5085    0.2989
    0.3032    0.2634
    0.2344    0.3757
    0.5077    0.2256
    0.3954    0.2576
    0.4883    0.2067
    0.4739    0.2454
    0.3086    0.3044
    0.3676    0.1579
    0.3374    0.2643
    0.4135    0.1949
    0.4875    0.3091
    0.4042    0.1026
    0.2425    0.1033
    0.4926    0.3718
    0.4002    0.2388
    0.3655    0.1024
    0.2423    0.1235
    0.4280    0.2435
    0.4184    0.2731
    0.4254    0.2753
    0.3191    0.3300
    0.3452    0.2750
    0.3313    0.2445
    0.5341    0.3286
    0.3385    0.4044
    0.3852    0.2520
    0.3332    0.2320
    0.4683    0.3279
    0.3991    0.2120
    0.4055    0.1388
    0.4705    0.2420
    0.4506    0.2684
    0.4589    0.2609
    0.2400    0.1661
    0.4165    0.2052
    0.4725    0.1990
    0.4262    0.3216
    0.4676    0.2402
    0.5591    0.2987
    0.4936    0.2949
    0.3158    0.2356
    0.3377    0.1014
    0.3909    0.2772
    0.3518    0.3028
    0.3941    0.1936
    0.4921    0.2487
    0.3601    0.2169
    0.3785    0.3776
    0.3829    0.2477
    0.4506    0.2653
    0.4778    0.1714
    0.3888    0.1948
    0.3762    0.1483
    0.4700    0.3046
    0.4542    0.2955
    0.4366    0.1879
    0.6450    0.4666
    0.4024    0.3189
    0.4256    0.2804
    0.3937    0.3937
    0.4462    0.0658
    0.3606    0.2432
    0.4756    0.2481
    0.5372    0.2650
    0.4064    0.1721
    0.3949    0.2897
    0.3577    0.0837
    0.3645    0.2581
    0.2722    0.2829
    0.3960    0.2469
    0.3339    0.2773
    0.4942    0.1927
    0.4117    0.2912
    0.4041    0.2219
    0.5049    0.1256
    0.2668    0.2267
    0.4247    0.2035
    0.3207    0.1732
    0.3517    0.2879
    0.4194    0.2530
    0.4669    0.2309
    0.3373    0.2089
    0.4415    0.3757
    0.5094    0.3380
    0.3359    0.2358
    0.3256    0.2565
    0.3991    0.3634
    0.4470    0.3845
    0.4001    0.3327
    0.3388    0.2256
    0.4086    0.2063
    0.4155    0.3064
    0.3667    0.1852
    0.3160    0.1697
    0.4327    0.2234
    0.4013    0.3217
    0.3728    0.2619
    0.3527    0.2684
    0.3625    0.3344
    0.3350    0.2676
    0.3220    0.1646
    0.4949    0.3132
    0.3819    0.2857
    0.2703    0.2434
    0.3634    0.2190
    0.4795    0.2092
    0.3596    0.2482
    0.5333    0.1900
    0.3415    0.2116
    0.3435    0.1385
    0.3225    0.2111
    0.4873    0.1980
    0.3565    0.2933
    0.4313    0.3591
    0.2764    0.3277
    0.3570    0.3285
    0.4494    0.3007
    0.3040    0.2910
    0.4038    0.3062
    0.4411    0.1953
    0.5334    0.3125
    0.4481    0.1601
    0.4710    0.2964
    0.3734    0.1876
    0.3566    0.1772
    0.4042    0.2160
    0.3330    0.1523
    0.4842    0.2512
    0.4582    0.3333
    0.4722    0.2313
    0.4946    0.2872
    0.3919    0.2622
    0.3567    0.3409
    0.4394    0.2381
    0.4864    0.2720
    0.4644    0.4351
    0.4709    0.3360
    0.5130    0.1800
    0.4222    0.3340
    0.4903    0.1807
    0.3991    0.2507
    0.4592    0.2717
    0.2947    0.3153
    0.5157    0.2202
    0.2669    0.2903
    0.4154    0.3827
    0.3740    0.1071
    0.3131    0.1692
    0.4252    0.3396
    0.4249    0.2280
    0.5058    0.2471
    0.4103    0.3193
    0.4433    0.4167
    0.4182    0.1524
    0.5101    0.1818
    0.4848    0.2442
    0.4008    0.2500
    0.4093    0.2580
    0.5335    0.2266
    0.3820    0.3415
    0.4643    0.1818
    0.3341    0.2653
    0.3429    0.3242
    0.4647    0.2781
    0.4486    0.2033
    0.4794    0.2590
    0.3525    0.2262
    0.4763    0.2050
    0.4129    0.3515
    0.3964    0.2352
    0.5267    0.2066
